version https://git-lfs.github.com/spec/v1
oid sha256:ca0d70eb7d21e2d3c4f8bac693b77bdb2a6b9c6ee708cdaff6a752f0361539b4
size 2569
