version https://git-lfs.github.com/spec/v1
oid sha256:98200fc28435b9a0463995be4008e1838d757a7c546c50a3ba745b1d442c1b27
size 39270
